XE: 48.538914
YE: 72.371972
distance: 17.582238
